|                      | ROA(C) before intere…| ROA(A) before intere…| ROA(B) before intere…| Operating Gross Marg…| Realized Sales Gross…| Operating Profit Rat…| Pre-tax net Interest…| After-tax net Intere…| Non-industry income …| Per Share Net profit…| Realized Sales Gross…| Operating Profit Gro…| After-tax Net Profit…| Regular Net Profit G…| Continuous Net Profi…| Total Asset Growth R…| Net Value Growth Rat…| Total Asset Return G…|
|:---------------------|---------------------:|---------------------:|---------------------:|---------------------:|---------------------:|---------------------:|---------------------:|---------------------:|---------------------:|---------------------:|---------------------:|---------------------:|---------------------:|---------------------:|---------------------:|---------------------:|---------------------:|---------------------:|
|ROA(C) before intere… |             1.0000000|             0.9401237|             0.9868495|             0.3347194|             0.3327553|             0.0357247|             0.0534194|             0.0492215|             0.0205006|             0.7505635|             0.0005911|             0.0365106|             0.1150828|             0.1150396|             0.0252338|             0.0196351|            -0.0219302|             0.0799057|
|ROA(A) before intere… |             0.9401237|             1.0000000|             0.9557406|             0.3269691|             0.3249559|             0.0320533|             0.0535178|             0.0494740|             0.0296488|             0.7525783|             0.0032771|             0.0422076|             0.1253840|             0.1258719|             0.0248872|             0.0269767|            -0.0639704|             0.0819817|
|ROA(B) before intere… |             0.9868495|             0.9557406|             1.0000000|             0.3337486|             0.3317555|             0.0352124|             0.0537255|             0.0499520|             0.0223662|             0.7229401|             0.0021422|             0.0361442|             0.1171301|             0.1170415|             0.0244144|             0.0221041|            -0.0261267|             0.0799721|
|Operating Gross Marg… |             0.3347194|             0.3269691|             0.3337486|             1.0000000|             0.9995183|             0.0057448|             0.0324927|             0.0271753|             0.0514378|             0.2477895|             0.0141720|             0.0228669|             0.0546386|             0.0534298|             0.0091212|             0.0160128|            -0.0174480|             0.0265446|
|Realized Sales Gross… |             0.3327553|             0.3249559|             0.3317555|             0.9995183|             1.0000000|             0.0056095|             0.0322316|             0.0268515|             0.0512416|             0.2460041|             0.0141879|             0.0227778|             0.0544702|             0.0532587|             0.0091172|             0.0165834|            -0.0174512|             0.0264634|
|Operating Profit Rat… |             0.0357247|             0.0320533|             0.0352124|             0.0057448|             0.0056095|             1.0000000|             0.9164478|             0.8621907|            -0.5920059|             0.0202194|             0.0008311|             0.0049524|             0.0113282|             0.0112266|             0.0013181|             0.0344648|            -0.0002072|             0.0036772|
|Pre-tax net Interest… |             0.0534194|             0.0535178|             0.0537255|             0.0324927|             0.0322316|             0.9164478|             1.0000000|             0.9863790|            -0.2200447|             0.0340456|             0.0012460|             0.0039091|             0.0351503|             0.0349143|             0.0030129|             0.0376326|            -0.0009980|             0.0050042|
|After-tax net Intere… |             0.0492215|             0.0494740|             0.0499520|             0.0271753|             0.0268515|             0.8621907|             0.9863790|             1.0000000|            -0.1152110|             0.0306213|             0.0012260|             0.0029624|             0.0312227|             0.0309639|             0.0025655|             0.0370660|            -0.0008578|             0.0043789|
|Non-industry income … |             0.0205006|             0.0296488|             0.0223662|             0.0514378|             0.0512416|            -0.5920059|            -0.2200447|            -0.1152110|             1.0000000|             0.0192794|             0.0004836|            -0.0041997|             0.0431788|             0.0429513|             0.0028549|            -0.0082237|            -0.0015049|             0.0011145|
|Per Share Net profit… |             0.7505635|             0.7525783|             0.7229401|             0.2477895|             0.2460041|             0.0202194|             0.0340456|             0.0306213|             0.0192794|             1.0000000|            -0.0004959|             0.0297821|             0.0902226|             0.0903676|             0.0244478|            -0.0552985|            -0.0376294|             0.1201350|
|Realized Sales Gross… |             0.0005911|             0.0032771|             0.0021422|             0.0141720|             0.0141879|             0.0008311|             0.0012460|             0.0012260|             0.0004836|            -0.0004959|             1.0000000|             0.0021923|             0.0064701|             0.0064442|             0.0007466|            -0.0351156|            -0.0006979|             0.0058428|
|Operating Profit Gro… |             0.0365106|             0.0422076|             0.0361442|             0.0228669|             0.0227778|             0.0049524|             0.0039091|             0.0029624|            -0.0041997|             0.0297821|             0.0021923|             1.0000000|             0.6393944|             0.6367928|             0.1008214|             0.0155534|            -0.0045344|             0.3267204|
|After-tax Net Profit… |             0.1150828|             0.1253840|             0.1171301|             0.0546386|             0.0544702|             0.0113282|             0.0351503|             0.0312227|             0.0431788|             0.0902226|             0.0064701|             0.6393944|             1.0000000|             0.9961862|             0.1130514|             0.0080395|            -0.0036605|             0.2239189|
|Regular Net Profit G… |             0.1150396|             0.1258719|             0.1170415|             0.0534298|             0.0532587|             0.0112266|             0.0349143|             0.0309639|             0.0429513|             0.0903676|             0.0064442|             0.6367928|             0.9961862|             1.0000000|             0.1129037|             0.0089109|            -0.0036493|             0.2231057|
|Continuous Net Profi… |             0.0252338|             0.0248872|             0.0244144|             0.0091212|             0.0091172|             0.0013181|             0.0030129|             0.0025655|             0.0028549|             0.0244478|             0.0007466|             0.1008214|             0.1130514|             0.1129037|             1.0000000|             0.0101754|            -0.0002704|             0.0361980|
|Total Asset Growth R… |             0.0196351|             0.0269767|             0.0221041|             0.0160128|             0.0165834|             0.0344648|             0.0376326|             0.0370660|            -0.0082237|            -0.0552985|            -0.0351156|             0.0155534|             0.0080395|             0.0089109|             0.0101754|             1.0000000|            -0.0086884|            -0.0371355|
|Net Value Growth Rat… |            -0.0219302|            -0.0639704|            -0.0261267|            -0.0174480|            -0.0174512|            -0.0002072|            -0.0009980|            -0.0008578|            -0.0015049|            -0.0376294|            -0.0006979|            -0.0045344|            -0.0036605|            -0.0036493|            -0.0002704|            -0.0086884|             1.0000000|            -0.0046528|
|Total Asset Return G… |             0.0799057|             0.0819817|             0.0799721|             0.0265446|             0.0264634|             0.0036772|             0.0050042|             0.0043789|             0.0011145|             0.1201350|             0.0058428|             0.3267204|             0.2239189|             0.2231057|             0.0361980|            -0.0371355|            -0.0046528|             1.0000000|
